23474
23475
23476
23477
23460
23479
23440
23439
23441
23433
23432
23431
23484
23526
23561
23533
23498
23568
23540
23505
23575
23547
23512
23554
23491
23519
23580
23610
23635
23615
23590
23640
23620
23595
23645
23625
23600
23630
23585
23605
23485
23418
23527
23417
23562
23534
23499
23569
23541
23506
23576
23548
23513
23416
23555
23492
23520
23581
23611
23636
23616
23591
23641
23621
23596
23646
23626
23601
23631
23586
23606
23473
23404
23481
23430
23523
23429
23558
23530
23495
23565
23537
23502
23572
23544
23509
23428
23551
23488
23516
23478
23443
23450
23457
23486
23422
23528
23421
23563
23535
23500
23570
23542
23507
23577
23549
23514
23420
23556
23493
23521
23582
23612
23637
23617
23592
23642
23622
23597
23647
23627
23602
23632
23587
23607
23470
20280
23461
23462
23480
23406
23463
23465
23405
23471
23466
23449
23456
23447
23454
23444
23451
23445
23459
23452
23468
23437
23434
23483
23414
23525
23413
23560
23532
23497
23567
23539
23504
23574
23546
23511
23412
23553
23490
23518
23579
23609
23634
23614
23589
23639
23619
23594
23644
23624
23599
23629
23584
23604
23446
23458
23453
23472
23402
23448
23455
20281
23438
23400
23401
23436
23464
23427
23415
23442
23419
23482
23426
23524
23425
23559
23531
23496
23423
23566
23538
23503
23573
23545
23510
23424
23552
23489
23517
23411
23407
23487
23410
23529
23409
23564
23536
23501
23571
23543
23508
23578
23550
23515
23408
23557
23494
23522
23435
23583
23613
23638
23618
23593
23643
23623
23598
23648
23628
23603
23633
23588
23608
23469
23403
23467
